3 0.742969 0.658594 0.129688 0.214062
3 0.550781 0.792969 0.110937 0.160938
3 0.592187 0.576562 0.165625 0.146875
3 0.381250 0.753906 0.121875 0.160938
3 0.100781 0.417969 0.120313 0.160938
3 0.721094 0.123438 0.098437 0.125000
3 0.620313 0.076563 0.090625 0.146875
3 0.395313 0.539844 0.118750 0.189062
3 0.196875 0.545312 0.100000 0.209375
3 0.492969 0.839844 0.110937 0.204687
3 0.663281 0.707812 0.085938 0.121875
3 0.644531 0.462500 0.085938 0.065625
3 0.064062 0.296875 0.118750 0.137500
3 0.246094 0.756250 0.117188 0.084375