3 0.746094 0.654687 0.129688 0.212500
3 0.555469 0.789844 0.110937 0.160938
3 0.589844 0.574219 0.157812 0.151562
3 0.380469 0.750781 0.120313 0.160938
3 0.100781 0.419531 0.120313 0.157812
3 0.720313 0.121094 0.100000 0.120313
3 0.617969 0.074219 0.098437 0.148438
3 0.400781 0.539844 0.120313 0.198437
3 0.199219 0.544531 0.101562 0.210938
3 0.496094 0.839844 0.110937 0.198437
3 0.664844 0.710156 0.092188 0.120313
3 0.645312 0.464844 0.090625 0.070312
3 0.064844 0.300781 0.110937 0.139063
3 0.250781 0.754687 0.120313 0.090625