1 0.830469 0.189844 0.082812 0.060937
1 0.830469 0.100000 0.101562 0.040625
1 0.639062 0.165625 0.081250 0.031250
1 0.300781 0.150000 0.060937 0.037500
1 0.345313 0.170313 0.068750 0.040625
1 0.574219 0.525000 0.092188 0.028125
1 0.504687 0.545312 0.068750 0.031250
1 0.555469 0.335156 0.051562 0.029687
1 0.750000 0.315625 0.081250 0.031250
1 0.350000 0.210938 0.081250 0.021875
1 0.654687 0.235937 0.050000 0.028125
1 0.935156 0.275000 0.051562 0.050000
1 0.910156 0.200000 0.060937 0.040625
1 0.914844 0.095312 0.051562 0.031250
1 0.240625 0.080469 0.037500 0.060937
1 0.339844 0.085156 0.060937 0.051562
1 0.535156 0.100000 0.051562 0.040625
1 0.264062 0.365625 0.068750 0.028125
1 0.294531 0.275000 0.070312 0.050000
1 0.384375 0.285156 0.068750 0.029687
1 0.354687 0.254688 0.068750 0.050000
1 0.620313 0.301563 0.059375 0.040625
1 0.871094 0.589844 0.120313 0.039062
1 0.870313 0.550781 0.081250 0.039062
1 0.845313 0.485938 0.090625 0.031250
1 0.870313 0.419531 0.100000 0.060937
1 0.764062 0.370312 0.068750 0.059375
1 0.714844 0.414844 0.092188 0.029687
1 0.160938 0.520312 0.040625 0.081250
1 0.330469 0.544531 0.120313 0.051562
1 0.370312 0.569531 0.100000 0.039062
1 0.400000 0.479687 0.100000 0.040625
1 0.260156 0.475000 0.120313 0.050000
1 0.425781 0.410938 0.051562 0.040625
1 0.379688 0.384375 0.040625 0.050000
1 0.435156 0.340625 0.070312 0.021875
1 0.495312 0.324219 0.050000 0.051562
1 0.470313 0.365625 0.059375 0.028125
1 0.525000 0.440625 0.090625 0.040625
1 0.604688 0.431250 0.068750 0.040625
1 0.629687 0.464844 0.081250 0.029687
1 0.535156 0.475000 0.110937 0.028125