0 0.285938 0.204687 0.084375 0.043750
0 0.579688 0.144531 0.084375 0.057813
0 0.111719 0.273438 0.089063 0.084375
0 0.037500 0.300781 0.068750 0.048438
0 0.584375 0.180469 0.081250 0.039062
0 0.292969 0.275000 0.051562 0.040625
0 0.589063 0.225000 0.075000 0.065625
0 0.651563 0.232813 0.081250 0.068750
0 0.028906 0.378906 0.057813 0.060937
0 0.566406 0.263281 0.079687 0.048438
0 0.342187 0.330469 0.065625 0.045312
0 0.216406 0.372656 0.092188 0.048438
0 0.469531 0.325781 0.057813 0.054688
0 0.412500 0.350781 0.053125 0.048438
0 0.529687 0.326562 0.075000 0.043750
0 0.497656 0.361719 0.064062 0.045312
0 0.704688 0.317188 0.075000 0.043750
0 0.213281 0.435937 0.079687 0.075000
0 0.592187 0.360938 0.053125 0.056250
0 0.557031 0.395313 0.057813 0.050000
0 0.271875 0.461719 0.093750 0.051562
0 0.123438 0.503906 0.106250 0.073438
0 0.384375 0.456250 0.068750 0.053125
0 0.462500 0.449219 0.093750 0.054688
0 0.365625 0.492969 0.087500 0.051562
0 0.460156 0.482812 0.110937 0.053125
0 0.725781 0.424219 0.129688 0.079687
0 0.593750 0.457813 0.115625 0.065625
0 0.162500 0.560937 0.100000 0.056250
0 0.837500 0.440625 0.062500 0.084375
0 0.677344 0.503906 0.120313 0.073438
0 0.510156 0.544531 0.079687 0.042188
0 0.152344 0.629687 0.082812 0.056250
0 0.439844 0.578906 0.098437 0.048438
0 0.646094 0.538281 0.110937 0.067187
0 0.164062 0.673438 0.125000 0.065625
0 0.293750 0.114062 0.053125 0.062500
0 0.565625 0.060937 0.071875 0.062500
0 0.020313 0.196875 0.040625 0.050000
0 0.089844 0.181250 0.098437 0.062500
0 0.376563 0.117969 0.059375 0.051562
0 0.617969 0.109375 0.070312 0.056250