0 0.364844 0.838281 0.079687 0.026562
0 0.663281 0.826562 0.079687 0.040625
0 0.178906 0.814844 0.079687 0.070312
0 0.100000 0.805469 0.062500 0.039062
0 0.658594 0.789844 0.079687 0.023438
0 0.353906 0.767188 0.045312 0.034375
0 0.652344 0.745313 0.064062 0.053125
0 0.712500 0.722656 0.071875 0.057813
0 0.072656 0.732812 0.048438 0.053125
0 0.621094 0.712500 0.073438 0.034375
0 0.388281 0.704688 0.057813 0.034375
0 0.256250 0.692187 0.087500 0.031250
0 0.511719 0.677344 0.051562 0.048438
0 0.450781 0.665625 0.045312 0.040625
0 0.571875 0.660937 0.068750 0.031250
0 0.532031 0.635156 0.057813 0.035937
0 0.742969 0.628906 0.070312 0.029687
0 0.238281 0.631250 0.070312 0.062500
0 0.623437 0.613281 0.043750 0.045312
0 0.580469 0.587500 0.051562 0.040625
0 0.288281 0.592187 0.085938 0.034375
0 0.135156 0.586719 0.098437 0.054688
0 0.400000 0.571094 0.062500 0.042188
0 0.475781 0.558594 0.085938 0.039062
0 0.371094 0.540625 0.082812 0.034375
0 0.464844 0.527344 0.107813 0.029687
0 0.739062 0.520312 0.125000 0.053125
0 0.600781 0.519531 0.107813 0.042188
0 0.156250 0.522656 0.093750 0.039062
0 0.839844 0.475781 0.048438 0.073438
0 0.670312 0.453125 0.115625 0.053125
0 0.498437 0.454688 0.071875 0.031250
0 0.132031 0.457813 0.073438 0.040625
0 0.421875 0.439063 0.093750 0.031250
0 0.631250 0.428906 0.103125 0.048438
0 0.131250 0.414062 0.118750 0.040625
0 0.392969 0.924219 0.042188 0.054688
0 0.667969 0.910937 0.064062 0.053125
0 0.096094 0.913281 0.054688 0.039062
0 0.178906 0.910156 0.092188 0.045312
0 0.473438 0.900000 0.053125 0.043750
0 0.709375 0.850000 0.062500 0.043750