0 0.368750 0.839844 0.081250 0.029687
0 0.667969 0.824219 0.079687 0.042188
0 0.183594 0.819531 0.079687 0.070312
0 0.104688 0.812500 0.062500 0.037500
0 0.663281 0.788281 0.079687 0.026562
0 0.358594 0.770312 0.048438 0.034375
0 0.657813 0.743750 0.065625 0.053125
0 0.715625 0.721094 0.071875 0.057813
0 0.077344 0.740625 0.048438 0.053125
0 0.626563 0.711719 0.075000 0.035937
0 0.392188 0.705469 0.059375 0.035937
0 0.259375 0.696094 0.087500 0.032813
0 0.514062 0.675781 0.050000 0.048438
0 0.453906 0.667188 0.048438 0.040625
0 0.574219 0.659375 0.070312 0.031250
0 0.533594 0.635156 0.060937 0.035937
0 0.745313 0.623437 0.068750 0.031250
0 0.240625 0.635938 0.068750 0.062500
0 0.626563 0.611719 0.043750 0.048438
0 0.582031 0.587500 0.051562 0.040625
0 0.289844 0.596094 0.089063 0.032813
0 0.136719 0.592969 0.098437 0.057813
0 0.400000 0.573438 0.062500 0.043750
0 0.477344 0.558594 0.085938 0.039062
0 0.371875 0.542969 0.084375 0.035937
0 0.464844 0.528125 0.110937 0.031250
0 0.739062 0.516406 0.125000 0.057813
0 0.600781 0.517188 0.110937 0.043750
0 0.157812 0.527344 0.096875 0.039062
0 0.839844 0.471094 0.048438 0.076563
0 0.670312 0.450000 0.115625 0.053125
0 0.498437 0.454688 0.075000 0.031250
0 0.132031 0.464062 0.076563 0.043750
0 0.420312 0.442188 0.093750 0.031250
0 0.631250 0.425781 0.106250 0.048438
0 0.130469 0.420312 0.120313 0.043750
0 0.400000 0.927344 0.043750 0.057813
0 0.675781 0.907813 0.064062 0.053125
0 0.103906 0.920312 0.057813 0.037500
0 0.185938 0.914844 0.093750 0.048438
0 0.479687 0.900000 0.053125 0.043750
0 0.714844 0.847656 0.064062 0.042188