1 0.854688 0.495312 0.090625 0.090625
1 0.685156 0.475781 0.092188 0.089063
1 0.620313 0.464844 0.037500 0.092188
1 0.254688 0.500781 0.050000 0.120313
1 0.330469 0.500000 0.060937 0.081250
1 0.414844 0.535156 0.070312 0.070312
1 0.475000 0.410156 0.050000 0.101562
1 0.539844 0.475000 0.060937 0.068750
1 0.120313 0.200000 0.181250 0.259375
1 0.280469 0.310156 0.120313 0.179688
1 0.896094 0.445312 0.129688 0.271875
1 0.903125 0.134375 0.168750 0.268750
1 0.660156 0.104688 0.179688 0.209375
1 0.290625 0.120313 0.259375 0.240625
1 0.324219 0.771094 0.110937 0.160938
1 0.139063 0.684375 0.278125 0.250000
1 0.664844 0.214844 0.310937 0.170313
1 0.705469 0.365625 0.129688 0.190625
1 0.839844 0.735938 0.139063 0.290625
1 0.746094 0.690625 0.110937 0.281250
1 0.486719 0.694531 0.151562 0.189062
1 0.404687 0.770312 0.212500 0.300000
1 0.574219 0.654687 0.170313 0.271875