0 0.664844 0.097656 0.310937 0.195312
0 0.326562 0.221094 0.321875 0.185938
0 0.714844 0.300781 0.123438 0.185938
0 0.288281 0.367969 0.132812 0.192188
0 0.524219 0.408594 0.054688 0.098437
0 0.105469 0.461719 0.135937 0.273438
0 0.381250 0.468750 0.037500 0.093750
0 0.460156 0.475781 0.067187 0.067187
0 0.314844 0.480469 0.085938 0.089063
0 0.145313 0.506250 0.090625 0.090625
0 0.743750 0.489063 0.053125 0.115625
0 0.670312 0.492969 0.062500 0.085938
0 0.582812 0.531250 0.075000 0.075000
0 0.433594 0.656250 0.182812 0.275000
0 0.266406 0.698438 0.120313 0.284375
0 0.521875 0.694531 0.162500 0.195312
0 0.169531 0.747656 0.157812 0.295312
0 0.689063 0.758594 0.115625 0.164062
0 0.614062 0.788281 0.196875 0.267188