0 0.261719 0.864062 0.329688 0.228125
0 0.616406 0.806250 0.339062 0.221875
0 0.250781 0.653906 0.142187 0.195312
0 0.681250 0.671094 0.153125 0.204687
0 0.460156 0.585938 0.067187 0.103125
0 0.879687 0.614062 0.168750 0.287500
0 0.611719 0.553125 0.051562 0.096875
0 0.535937 0.532813 0.075000 0.075000
0 0.678125 0.553906 0.096875 0.098437
0 0.850000 0.562500 0.100000 0.100000
0 0.259375 0.464844 0.062500 0.120313
0 0.331250 0.475000 0.071875 0.093750
0 0.424219 0.453906 0.079687 0.079687
0 0.595313 0.359375 0.212500 0.290625
0 0.767969 0.350781 0.151562 0.295312
0 0.515625 0.305469 0.184375 0.210938
0 0.871094 0.320312 0.192188 0.312500
0 0.364063 0.210938 0.131250 0.178125
0 0.444531 0.194531 0.226562 0.289062