1 0.855469 0.494531 0.089063 0.089063
1 0.685156 0.475781 0.082812 0.085938
1 0.620313 0.466406 0.034375 0.092188
1 0.258594 0.498437 0.045312 0.112500
1 0.330469 0.500000 0.060937 0.087500
1 0.419531 0.535156 0.070312 0.070312
1 0.472656 0.410938 0.051562 0.096875
1 0.542188 0.475000 0.065625 0.065625
1 0.123438 0.197656 0.181250 0.264062
1 0.279687 0.310937 0.115625 0.178125
1 0.895312 0.446875 0.125000 0.268750
1 0.909375 0.128906 0.178125 0.251563
1 0.659375 0.107813 0.178125 0.209375
1 0.291406 0.121094 0.264062 0.239063
1 0.321094 0.766406 0.107813 0.160938
1 0.139063 0.682813 0.278125 0.256250
1 0.664844 0.216406 0.314063 0.173437
1 0.707812 0.364063 0.128125 0.187500
1 0.840625 0.737500 0.146875 0.290625
1 0.742969 0.692187 0.110937 0.281250
1 0.485938 0.696094 0.153125 0.189062
1 0.410938 0.770312 0.209375 0.309375
1 0.572656 0.655469 0.173437 0.267188