0 0.775000 0.836719 0.340625 0.254688
0 0.415625 0.818750 0.350000 0.250000
0 0.764062 0.627344 0.159375 0.204687
0 0.336719 0.689844 0.167187 0.214062
0 0.550781 0.580469 0.073438 0.104688
0 0.135156 0.652344 0.192188 0.292187
0 0.394531 0.564844 0.057813 0.095312
0 0.467969 0.536719 0.076563 0.079687
0 0.328125 0.571875 0.100000 0.106250
0 0.160156 0.599219 0.107813 0.110937
0 0.735938 0.439844 0.075000 0.123438
0 0.666406 0.457031 0.079687 0.098437
0 0.569531 0.444531 0.085938 0.085938
0 0.392969 0.368750 0.235937 0.303125
0 0.217188 0.378906 0.178125 0.301563
0 0.464062 0.308594 0.200000 0.223438
0 0.112500 0.361719 0.218750 0.317188
0 0.604688 0.196875 0.146875 0.184375
0 0.523438 0.191406 0.250000 0.301563