1 0.705469 0.930469 0.092188 0.120313
1 0.616406 0.910156 0.129688 0.157812
1 0.250000 0.935156 0.081250 0.110937
1 0.525000 0.496094 0.068750 0.170313
1 0.464844 0.660156 0.092188 0.101562
1 0.104688 0.490625 0.068750 0.081250
1 0.164844 0.605469 0.129688 0.151562
1 0.585156 0.669531 0.070312 0.082812
1 0.654687 0.205469 0.068750 0.210938
1 0.764062 0.129688 0.068750 0.200000
1 0.865625 0.225000 0.068750 0.190625
1 0.949219 0.310156 0.082812 0.139063
1 0.870313 0.419531 0.100000 0.198437
1 0.759375 0.455469 0.081250 0.129688
1 0.725000 0.620313 0.068750 0.181250
1 0.664844 0.419531 0.051562 0.120313
1 0.589844 0.389062 0.060937 0.240625
1 0.464844 0.145313 0.092188 0.212500
1 0.366406 0.104688 0.110937 0.190625
1 0.180469 0.430469 0.060937 0.120313
1 0.319531 0.439844 0.101562 0.179688
1 0.395313 0.430469 0.068750 0.179688
1 0.420312 0.324219 0.040625 0.229687
1 0.455469 0.375000 0.051562 0.190625
1 0.430469 0.539844 0.082812 0.157812