0 0.656250 0.212500 0.146875 0.115625
0 0.257031 0.149219 0.073438 0.110937
0 0.452344 0.258594 0.076563 0.076563
0 0.189844 0.216406 0.067187 0.076563
0 0.596094 0.310156 0.070312 0.060937
0 0.397656 0.299219 0.073438 0.089063
0 0.464062 0.335156 0.112500 0.107813
0 0.587500 0.376563 0.125000 0.100000
0 0.114062 0.313281 0.084375 0.110937
0 0.122656 0.413281 0.070312 0.073438
0 0.360938 0.473438 0.112500 0.156250
0 0.482812 0.507031 0.084375 0.079687
0 0.087500 0.470313 0.053125 0.059375
0 0.243750 0.507031 0.065625 0.089063
0 0.088281 0.521875 0.089063 0.081250
0 0.428125 0.670312 0.093750 0.121875
0 0.292969 0.685156 0.148438 0.142187
0 0.103125 0.696094 0.206250 0.173437