0 0.618750 0.196875 0.137500 0.100000
0 0.217188 0.181250 0.062500 0.103125
0 0.423438 0.267188 0.068750 0.068750
0 0.157812 0.256250 0.059375 0.068750
0 0.571875 0.300781 0.065625 0.054688
0 0.374219 0.310937 0.067187 0.081250
0 0.443750 0.339844 0.103125 0.098437
0 0.571875 0.366406 0.115625 0.089063
0 0.092188 0.360938 0.071875 0.106250
0 0.115625 0.461719 0.062500 0.070312
0 0.358594 0.489063 0.098437 0.150000
0 0.483594 0.507031 0.076563 0.070312
0 0.085156 0.520312 0.048438 0.056250
0 0.247656 0.539062 0.057813 0.084375
0 0.092969 0.571094 0.079687 0.073438
0 0.449219 0.679688 0.082812 0.115625
0 0.318750 0.710156 0.137500 0.129688
0 0.128906 0.746094 0.195312 0.151562