0 0.287500 0.324219 0.075000 0.129688
0 0.620313 0.347656 0.050000 0.120313
0 0.755469 0.382031 0.048438 0.164062
0 0.251563 0.387500 0.068750 0.103125
0 0.553906 0.404687 0.067187 0.168750
0 0.405469 0.475781 0.057813 0.057813
0 0.677344 0.492969 0.067187 0.064062
0 0.924219 0.525000 0.151562 0.106250
0 0.660156 0.531250 0.070312 0.128125
0 0.082031 0.538281 0.120313 0.198437
0 0.583594 0.553125 0.045312 0.087500
0 0.724219 0.558594 0.048438 0.092188
0 0.819531 0.559375 0.054688 0.093750
0 0.399219 0.580469 0.067187 0.104688
0 0.223438 0.607812 0.062500 0.090625
0 0.676562 0.645312 0.084375 0.075000
0 0.535156 0.651563 0.154688 0.137500
0 0.392188 0.674219 0.068750 0.092188
0 0.667969 0.681250 0.051562 0.084375
0 0.459375 0.685937 0.053125 0.087500
0 0.307812 0.700781 0.068750 0.120313
0 0.196094 0.748437 0.039062 0.090625
0 0.413281 0.783594 0.070312 0.107813
0 0.538281 0.788281 0.139063 0.101562
0 0.392969 0.809375 0.151562 0.156250
0 0.144531 0.826562 0.045312 0.093750
0 0.178906 0.842187 0.039062 0.065625
0 0.251563 0.845313 0.040625 0.090625
0 0.678125 0.892969 0.112500 0.132812
0 0.348438 0.928125 0.165625 0.128125
0 0.130469 0.947656 0.035937 0.089063