1 0.535156 0.654687 0.151562 0.134375
1 0.584375 0.555469 0.043750 0.085938
1 0.132031 0.949219 0.035937 0.085938
1 0.144531 0.828125 0.042188 0.093750
1 0.180469 0.845313 0.039062 0.065625
1 0.407031 0.475781 0.057813 0.057813
1 0.399219 0.582031 0.067187 0.104688
1 0.676562 0.647656 0.084375 0.076563
1 0.923438 0.527344 0.150000 0.107813
1 0.821094 0.560937 0.054688 0.093750
1 0.621094 0.349219 0.051562 0.120313
1 0.660156 0.534375 0.070312 0.125000
1 0.724219 0.560156 0.048438 0.092188
1 0.247656 0.681250 0.048438 0.084375
1 0.308594 0.702344 0.070312 0.120313
1 0.196875 0.750000 0.037500 0.090625
1 0.251563 0.846094 0.040625 0.092188
1 0.248438 0.493750 0.065625 0.065625
1 0.553906 0.404687 0.067187 0.165625
1 0.756250 0.383594 0.050000 0.160938
1 0.538281 0.790625 0.139063 0.100000
1 0.678906 0.895312 0.114062 0.134375
1 0.460156 0.687500 0.051562 0.087500
1 0.394531 0.675781 0.067187 0.092188
1 0.223438 0.610938 0.062500 0.090625
1 0.252344 0.389062 0.067187 0.103125
1 0.287500 0.324219 0.075000 0.129688
1 0.082812 0.539844 0.118750 0.198437
1 0.051562 0.764062 0.103125 0.178125
1 0.350000 0.928125 0.165625 0.125000
1 0.394531 0.810937 0.148438 0.156250
1 0.414844 0.785156 0.070312 0.107813