1 0.392188 0.426563 0.134375 0.059375
1 0.079687 0.223438 0.115625 0.106250
1 0.478125 0.273438 0.162500 0.084375
1 0.646094 0.807813 0.089063 0.106250
1 0.592187 0.466406 0.084375 0.101562
1 0.580469 0.157031 0.176563 0.192188
1 0.696094 0.280469 0.232813 0.098437
1 0.746094 0.491406 0.248438 0.060937
1 0.482812 0.656250 0.156250 0.096875
1 0.538281 0.764062 0.267188 0.096875
1 0.285938 0.839844 0.196875 0.114062
1 0.725781 0.707812 0.082812 0.103125
1 0.925781 0.557813 0.139063 0.106250
1 0.834375 0.696094 0.100000 0.126562
1 0.764062 0.551562 0.159375 0.131250