1 0.389844 0.430469 0.139063 0.060937
1 0.080469 0.225781 0.120313 0.110937
1 0.479687 0.270313 0.159375 0.081250
1 0.645312 0.805469 0.090625 0.110937
1 0.589844 0.471094 0.082812 0.098437
1 0.580469 0.154688 0.179688 0.190625
1 0.694531 0.279687 0.229687 0.100000
1 0.745313 0.490625 0.250000 0.059375
1 0.479687 0.654687 0.159375 0.090625
1 0.535156 0.764062 0.270313 0.090625
1 0.285156 0.839844 0.189062 0.120313
1 0.729688 0.710156 0.081250 0.101562
1 0.925781 0.560156 0.129688 0.120313
1 0.830469 0.694531 0.101562 0.129688
1 0.764844 0.550781 0.151562 0.139063