4 0.464062 0.644531 0.062500 0.254688
4 0.274219 0.623437 0.057813 0.146875
4 0.094531 0.578125 0.057813 0.256250
4 0.316406 0.189844 0.060937 0.042188
4 0.910937 0.739062 0.103125 0.290625
4 0.900000 0.428125 0.050000 0.125000
4 0.727344 0.676562 0.054688 0.181250
4 0.711719 0.783594 0.076563 0.107813
4 0.775000 0.860938 0.056250 0.187500
4 0.684375 0.485156 0.103125 0.232813
4 0.867969 0.689063 0.048438 0.184375
4 0.741406 0.396875 0.073438 0.162500
4 0.142969 0.325000 0.064062 0.125000
4 0.441406 0.449219 0.064062 0.223438
4 0.371094 0.590625 0.076563 0.209375
4 0.895312 0.556250 0.121875 0.137500
4 0.609375 0.385937 0.084375 0.190625