3 0.509375 0.495312 0.240625 0.090625
3 0.410156 0.645312 0.198437 0.212500
3 0.365625 0.375781 0.150000 0.129688
3 0.580469 0.750781 0.220312 0.139063
3 0.254688 0.736719 0.231250 0.129688
3 0.259375 0.625000 0.221875 0.212500
3 0.794531 0.241406 0.310937 0.120313
3 0.835938 0.425781 0.271875 0.170313
3 0.460156 0.125781 0.157812 0.151562
3 0.160156 0.375781 0.198437 0.129688
3 0.589844 0.889844 0.301563 0.120313
3 0.714844 0.580469 0.170313 0.101562
3 0.180469 0.164844 0.101562 0.129688
3 0.100781 0.240625 0.120313 0.100000