1 0.211719 0.152344 0.101562 0.132812
1 0.801562 0.248438 0.312500 0.137500
1 0.104688 0.225000 0.121875 0.112500
1 0.163281 0.357812 0.198437 0.134375
1 0.368750 0.365625 0.146875 0.131250
1 0.835156 0.433594 0.270313 0.182812
1 0.511719 0.496094 0.242188 0.098437
1 0.709375 0.583594 0.175000 0.107813
1 0.254688 0.613281 0.218750 0.220312
1 0.402344 0.639062 0.204687 0.218750
1 0.244531 0.725000 0.232813 0.137500
1 0.565625 0.753125 0.228125 0.146875
1 0.574219 0.896875 0.301563 0.134375
1 0.475000 0.123438 0.162500 0.150000