1 0.810937 0.174219 0.100000 0.132812
1 0.217188 0.228125 0.312500 0.134375
1 0.913281 0.253906 0.123438 0.114062
1 0.845313 0.381250 0.200000 0.134375
1 0.642188 0.373437 0.146875 0.131250
1 0.170313 0.410156 0.268750 0.182812
1 0.488281 0.494531 0.242188 0.098437
1 0.285938 0.569531 0.175000 0.107813
1 0.738281 0.629687 0.220312 0.221875
1 0.589844 0.645312 0.204687 0.218750
1 0.739844 0.742969 0.232813 0.135937
1 0.418750 0.748437 0.228125 0.146875
1 0.396875 0.890625 0.300000 0.134375
1 0.553125 0.126562 0.162500 0.150000