6 0.634375 0.242188 0.090625 0.093750
6 0.384375 0.658594 0.084375 0.142187
6 0.708594 0.185156 0.079687 0.120313
6 0.070312 0.511719 0.134375 0.267188
6 0.111719 0.700781 0.117188 0.114062
6 0.127344 0.833594 0.082812 0.142187
6 0.185938 0.854688 0.062500 0.175000
6 0.268750 0.923438 0.103125 0.150000
6 0.371094 0.941406 0.070312 0.114062
6 0.738281 0.803906 0.082812 0.114062
6 0.847656 0.647656 0.060937 0.114062
6 0.657813 0.475781 0.112500 0.154688
6 0.682813 0.621875 0.043750 0.084375
6 0.563281 0.407813 0.067187 0.065625
6 0.799219 0.236719 0.173437 0.123438
6 0.711719 0.392969 0.092188 0.170313
6 0.599219 0.763281 0.057813 0.060937
6 0.447656 0.814844 0.067187 0.067187
6 0.524219 0.645312 0.057813 0.065625
6 0.310937 0.699219 0.065625 0.107813
6 0.222656 0.681250 0.079687 0.128125