6 0.634375 0.240625 0.090625 0.100000
6 0.379688 0.660156 0.081250 0.139063
6 0.710156 0.189844 0.082812 0.120313
6 0.069531 0.509375 0.139063 0.259375
6 0.111719 0.699219 0.120313 0.120313
6 0.130469 0.830469 0.079687 0.139063
6 0.185156 0.855469 0.070312 0.170313
6 0.270313 0.919531 0.100000 0.139063
6 0.375000 0.939844 0.068750 0.101562
6 0.740625 0.805469 0.081250 0.110937
6 0.850000 0.646094 0.059375 0.110937
6 0.655469 0.475781 0.110937 0.151562
6 0.681250 0.620313 0.040625 0.081250
6 0.564844 0.404687 0.070312 0.068750
6 0.800781 0.236719 0.179688 0.129688
6 0.714844 0.396094 0.092188 0.170313
6 0.600000 0.759375 0.059375 0.059375
6 0.444531 0.814844 0.070312 0.070312
6 0.525000 0.645312 0.050000 0.068750
6 0.310156 0.694531 0.060937 0.110937
6 0.220312 0.685156 0.081250 0.129688