1 0.508594 0.953906 0.117188 0.089063
1 0.446094 0.402344 0.132812 0.126562
1 0.602344 0.373437 0.098437 0.071875
1 0.475781 0.241406 0.079687 0.176563
1 0.326562 0.808594 0.143750 0.248438
1 0.667969 0.941406 0.104688 0.114062
1 0.704688 0.642969 0.071875 0.107813
1 0.217969 0.332813 0.151562 0.065625
1 0.154688 0.391406 0.187500 0.098437
1 0.484375 0.726562 0.103125 0.125000
1 0.538281 0.846875 0.082812 0.071875
1 0.639062 0.847656 0.081250 0.045312
1 0.646875 0.772656 0.087500 0.073438
1 0.546875 0.759375 0.075000 0.062500
1 0.457813 0.509375 0.165625 0.134375
1 0.594531 0.568750 0.048438 0.065625
1 0.708594 0.796094 0.107813 0.139063
1 0.187500 0.604688 0.168750 0.156250
1 0.141406 0.863281 0.160938 0.270313