0 0.224219 0.321875 0.151562 0.071875
0 0.606250 0.375781 0.103125 0.076563
0 0.157812 0.378906 0.187500 0.104688
0 0.449219 0.400000 0.135937 0.131250
0 0.458594 0.507031 0.170313 0.142187
0 0.589844 0.569531 0.048438 0.070312
0 0.182812 0.595313 0.175000 0.162500
0 0.470313 0.607812 0.087500 0.178125
0 0.698438 0.649219 0.075000 0.114062
0 0.537500 0.760156 0.075000 0.067187
0 0.472656 0.761719 0.104688 0.126562
0 0.636719 0.777344 0.089063 0.079687
0 0.696875 0.803906 0.115625 0.142187
0 0.525000 0.846094 0.084375 0.076563
0 0.626563 0.850781 0.081250 0.048438
0 0.127344 0.850781 0.170313 0.276562
0 0.653125 0.944531 0.115625 0.110937
0 0.492969 0.951562 0.123438 0.093750