0 0.240625 0.701562 0.159375 0.084375
0 0.616406 0.615625 0.107813 0.084375
0 0.168750 0.652344 0.196875 0.120313
0 0.459375 0.603125 0.146875 0.143750
0 0.457031 0.496875 0.182812 0.156250
0 0.584375 0.421875 0.056250 0.071875
0 0.176563 0.432812 0.187500 0.178125
0 0.461719 0.396875 0.101562 0.181250
0 0.685937 0.334375 0.084375 0.118750
0 0.514062 0.239063 0.081250 0.071875
0 0.450000 0.242188 0.115625 0.134375
0 0.611719 0.212500 0.095312 0.087500
0 0.668750 0.182031 0.125000 0.151562
0 0.494531 0.152344 0.089063 0.082812
0 0.595313 0.140625 0.087500 0.056250
0 0.099219 0.183594 0.192188 0.289062
0 0.613281 0.053125 0.123438 0.106250
0 0.452344 0.051562 0.129688 0.103125