0 0.225781 0.683594 0.154688 0.073438
0 0.607812 0.624219 0.103125 0.079687
0 0.160156 0.628906 0.192188 0.107813
0 0.451562 0.600000 0.137500 0.134375
0 0.457031 0.492969 0.170313 0.145313
0 0.589063 0.428125 0.050000 0.068750
0 0.181250 0.410156 0.178125 0.167187
0 0.469531 0.395313 0.089063 0.178125
0 0.696094 0.347656 0.076563 0.114062
0 0.533594 0.239844 0.076563 0.067187
0 0.467969 0.239844 0.107813 0.129688
0 0.632031 0.221094 0.089063 0.082812
0 0.691406 0.195312 0.117188 0.146875
0 0.520312 0.152344 0.084375 0.076563
0 0.620313 0.147656 0.084375 0.051562
0 0.121094 0.156250 0.176563 0.278125
0 0.643750 0.056250 0.115625 0.112500
0 0.482031 0.048438 0.123438 0.096875