1 0.510156 0.949219 0.120313 0.082812
1 0.444531 0.405469 0.129688 0.129688
1 0.600000 0.375000 0.100000 0.068750
1 0.475000 0.240625 0.068750 0.181250
1 0.330469 0.806250 0.139063 0.250000
1 0.664844 0.939844 0.110937 0.101562
1 0.705469 0.646094 0.070312 0.110937
1 0.214844 0.335156 0.148438 0.070312
1 0.154688 0.389062 0.190625 0.100000
1 0.486719 0.725781 0.110937 0.129688
1 0.539844 0.845313 0.082812 0.068750
1 0.639062 0.845313 0.081250 0.050000
1 0.645312 0.775000 0.090625 0.068750
1 0.544531 0.759375 0.070312 0.059375
1 0.460156 0.510156 0.157812 0.139063
1 0.595313 0.569531 0.050000 0.060937
1 0.705469 0.800781 0.110937 0.139063
1 0.185156 0.605469 0.170313 0.151562
1 0.139844 0.860938 0.160938 0.259375