2 0.400000 0.785937 0.100000 0.250000
2 0.530469 0.775000 0.120313 0.271875
2 0.514062 0.525000 0.050000 0.150000
2 0.616406 0.361719 0.110937 0.139063
2 0.871094 0.840625 0.139063 0.259375
2 0.764062 0.605469 0.068750 0.151562
2 0.139063 0.435156 0.100000 0.351562
2 0.214844 0.150000 0.110937 0.300000
2 0.229687 0.339844 0.059375 0.120313
3 0.395313 0.419531 0.068750 0.139063
3 0.705469 0.301563 0.051562 0.218750
3 0.964844 0.634375 0.051562 0.168750
2 0.335156 0.254688 0.070312 0.231250
3 0.520312 0.361719 0.081250 0.139063
3 0.814844 0.270313 0.070312 0.100000
3 0.805469 0.175781 0.070312 0.092188
3 0.055469 0.759375 0.092188 0.181250
2 0.455469 0.080469 0.092188 0.120313
3 0.935156 0.254688 0.070312 0.190625