0 0.442188 0.139063 0.065625 0.068750
0 0.294531 0.110937 0.054688 0.065625
0 0.598437 0.213281 0.050000 0.067187
0 0.727344 0.251563 0.045312 0.043750
0 0.483594 0.225781 0.089063 0.073438
0 0.353125 0.217188 0.084375 0.071875
0 0.401562 0.253906 0.050000 0.060937
0 0.584375 0.349219 0.065625 0.079687
0 0.695312 0.394531 0.062500 0.057813
0 0.435937 0.335156 0.062500 0.098437
0 0.223438 0.296875 0.115625 0.115625
0 0.392188 0.339062 0.053125 0.068750
0 0.709375 0.454688 0.090625 0.084375
0 0.569531 0.588281 0.139063 0.170313
0 0.037500 0.639062 0.075000 0.103125
0 0.058594 0.745313 0.117188 0.162500
0 0.465625 0.086719 0.071875 0.064062