2 0.398438 0.785156 0.093750 0.242188
2 0.533594 0.774219 0.120313 0.264062
2 0.514844 0.525000 0.048438 0.146875
2 0.615625 0.360156 0.100000 0.142187
2 0.871094 0.842187 0.132812 0.262500
2 0.765625 0.600781 0.068750 0.154688
2 0.142187 0.431250 0.096875 0.353125
2 0.214844 0.150781 0.114062 0.295312
2 0.229687 0.342187 0.056250 0.115625
3 0.395313 0.417187 0.075000 0.137500
3 0.707031 0.297656 0.048438 0.223438
3 0.967187 0.632031 0.062500 0.173437
2 0.337500 0.253906 0.071875 0.223438
3 0.519531 0.358594 0.082812 0.139063
3 0.814063 0.270313 0.068750 0.103125
3 0.807813 0.171875 0.071875 0.084375
3 0.054688 0.759375 0.093750 0.178125
2 0.457031 0.078125 0.092188 0.121875
3 0.935937 0.257812 0.065625 0.196875