0 0.307031 0.808594 0.057813 0.064062
0 0.159375 0.778125 0.053125 0.062500
0 0.478906 0.803125 0.045312 0.062500
0 0.611719 0.818750 0.042188 0.037500
0 0.378125 0.745313 0.084375 0.068750
0 0.253906 0.702344 0.082812 0.067187
0 0.313281 0.689844 0.048438 0.057813
0 0.517969 0.671875 0.060937 0.075000
0 0.636719 0.673438 0.057813 0.056250
0 0.376563 0.628906 0.056250 0.095312
0 0.166406 0.578906 0.110937 0.107813
0 0.338281 0.605469 0.048438 0.067187
0 0.675781 0.624219 0.085938 0.076563
0 0.597656 0.446094 0.126562 0.164062
0 0.126562 0.189844 0.071875 0.098437
0 0.189844 0.100781 0.104688 0.160938
0 0.306250 0.867188 0.068750 0.062500