0 0.725000 0.787500 0.065625 0.068750
0 0.869531 0.741406 0.057813 0.067187
0 0.554688 0.799219 0.053125 0.067187
0 0.422656 0.828125 0.045312 0.043750
0 0.647656 0.730469 0.089063 0.073438
0 0.767188 0.675781 0.087500 0.073438
0 0.707812 0.668750 0.053125 0.062500
0 0.500000 0.674219 0.065625 0.079687
0 0.381250 0.687500 0.062500 0.059375
0 0.637500 0.616406 0.062500 0.098437
0 0.840625 0.543750 0.115625 0.115625
0 0.673438 0.587500 0.056250 0.068750
0 0.339844 0.642188 0.089063 0.081250
0 0.397656 0.457031 0.142187 0.170313
0 0.839844 0.153125 0.079687 0.103125
0 0.764844 0.076563 0.123438 0.153125
0 0.731250 0.844531 0.071875 0.067187