1 0.354687 0.164844 0.050000 0.051562
1 0.360938 0.370312 0.040625 0.059375
1 0.529687 0.199219 0.037500 0.060937
1 0.544531 0.335156 0.051562 0.070312
1 0.625000 0.245312 0.050000 0.050000
1 0.660156 0.206250 0.039062 0.031250
1 0.250000 0.404687 0.081250 0.068750
1 0.180469 0.370312 0.101562 0.100000
1 0.289844 0.259375 0.079687 0.059375
1 0.400000 0.355469 0.040625 0.089063
1 0.130469 0.846094 0.079687 0.151562
1 0.080469 0.745313 0.060937 0.090625
1 0.680469 0.720313 0.101562 0.181250
1 0.589844 0.564844 0.101562 0.151562
1 0.664844 0.350000 0.051562 0.040625
1 0.414844 0.240625 0.070312 0.059375
1 0.345313 0.285156 0.031250 0.051562