1 0.357812 0.163281 0.053125 0.057813
1 0.357812 0.370312 0.040625 0.062500
1 0.526563 0.197656 0.037500 0.057813
1 0.544531 0.332813 0.045312 0.068750
1 0.624219 0.246094 0.045312 0.054688
1 0.660937 0.204687 0.037500 0.034375
1 0.250781 0.404687 0.076563 0.065625
1 0.182812 0.371875 0.096875 0.093750
1 0.289062 0.263281 0.071875 0.054688
1 0.398438 0.355469 0.040625 0.089063
1 0.131250 0.846094 0.084375 0.148438
1 0.085156 0.747656 0.057813 0.092188
1 0.679688 0.717187 0.103125 0.181250
1 0.589063 0.567187 0.106250 0.150000
1 0.664062 0.350781 0.053125 0.048438
1 0.418750 0.239063 0.071875 0.059375
1 0.346094 0.285156 0.039062 0.051562