1 0.645312 0.205469 0.068750 0.051562
1 0.585156 0.150781 0.051562 0.120313
1 0.414844 0.910156 0.051562 0.082812
1 0.430469 0.810156 0.060937 0.060937
1 0.419531 0.870313 0.060937 0.040625
1 0.939844 0.555469 0.101562 0.110937
1 0.910156 0.639062 0.120313 0.100000
1 0.444531 0.564844 0.070312 0.092188
1 0.400000 0.430469 0.081250 0.101562
1 0.350000 0.371094 0.059375 0.120313
1 0.345313 0.275000 0.050000 0.050000
1 0.550781 0.470313 0.082812 0.081250
1 0.589844 0.630469 0.101562 0.120313
1 0.495312 0.694531 0.068750 0.129688