0 0.613281 0.189062 0.076563 0.062500
0 0.324219 0.292969 0.057813 0.057813
0 0.339844 0.385937 0.067187 0.115625
0 0.392969 0.439063 0.085938 0.100000
0 0.545312 0.462500 0.090625 0.087500
0 0.944531 0.510938 0.110937 0.121875
0 0.453125 0.571094 0.075000 0.101562
0 0.601562 0.616406 0.115625 0.132812
0 0.923438 0.597656 0.121875 0.110937
0 0.514844 0.693750 0.089063 0.168750
0 0.467969 0.818750 0.067187 0.065625
0 0.461719 0.874219 0.064062 0.048438
0 0.460938 0.917969 0.062500 0.089063
0 0.551562 0.142969 0.062500 0.117188