1 0.645312 0.203125 0.071875 0.056250
1 0.589063 0.150000 0.053125 0.112500
1 0.417187 0.913281 0.056250 0.082812
1 0.426563 0.808594 0.059375 0.057813
1 0.424219 0.868750 0.057813 0.040625
1 0.939844 0.556250 0.101562 0.112500
1 0.910156 0.642188 0.114062 0.100000
1 0.446094 0.567187 0.064062 0.093750
1 0.400000 0.429688 0.075000 0.093750
1 0.352344 0.371094 0.054688 0.110937
1 0.346875 0.272656 0.053125 0.054688
1 0.550000 0.467969 0.084375 0.079687
1 0.587500 0.626563 0.103125 0.121875
1 0.495312 0.695312 0.071875 0.125000