0 0.585156 0.819531 0.082812 0.067187
0 0.306250 0.691406 0.062500 0.064062
0 0.329688 0.600000 0.075000 0.118750
0 0.389062 0.553125 0.093750 0.106250
0 0.542969 0.540625 0.098437 0.090625
0 0.939844 0.527344 0.117188 0.132812
0 0.459375 0.425781 0.081250 0.104688
0 0.610938 0.392969 0.125000 0.139063
0 0.930469 0.439844 0.132812 0.120313
0 0.531250 0.308594 0.100000 0.173437
0 0.496094 0.180469 0.070312 0.070312
0 0.494531 0.125000 0.067187 0.053125
0 0.496094 0.079687 0.070312 0.093750
0 0.520312 0.860938 0.071875 0.121875