0 0.371094 0.194531 0.073438 0.057813
0 0.664844 0.283594 0.057813 0.057813
0 0.654687 0.378125 0.059375 0.115625
0 0.603125 0.433594 0.081250 0.098437
0 0.452344 0.465625 0.089063 0.084375
0 0.058594 0.533594 0.104688 0.117188
0 0.550781 0.568750 0.070312 0.096875
0 0.405469 0.621094 0.110937 0.126562
0 0.082031 0.618750 0.120313 0.106250
0 0.496094 0.693750 0.079687 0.165625
0 0.548438 0.817187 0.062500 0.062500
0 0.557813 0.871094 0.059375 0.042188
0 0.560937 0.915625 0.059375 0.087500
0 0.432031 0.146875 0.057813 0.118750