3 0.475000 0.314844 0.068750 0.151562
3 0.509375 0.530469 0.100000 0.139063
3 0.464844 0.604688 0.189062 0.068750
3 0.639844 0.405469 0.120313 0.151562
3 0.569531 0.169531 0.160938 0.101562
3 0.580469 0.255469 0.082812 0.129688
3 0.740625 0.366406 0.181250 0.089063
3 0.885156 0.300781 0.151562 0.139063
3 0.930469 0.550781 0.101562 0.220312
3 0.721094 0.814844 0.120313 0.189062
3 0.460156 0.789844 0.139063 0.101562
3 0.616406 0.895312 0.110937 0.190625
3 0.069531 0.460156 0.139063 0.157812
3 0.096094 0.634375 0.110937 0.068750
3 0.164844 0.775000 0.151562 0.168750
3 0.275781 0.530469 0.110937 0.120313
3 0.264844 0.324219 0.129688 0.089063
3 0.185156 0.250781 0.092188 0.139063
3 0.085156 0.294531 0.151562 0.092188
3 0.699219 0.150000 0.082812 0.100000
3 0.689844 0.069531 0.082812 0.120313
3 0.794531 0.604688 0.110937 0.190625
3 0.664844 0.655469 0.170313 0.110937