3 0.472656 0.314844 0.073438 0.154688
3 0.511719 0.527344 0.095312 0.135937
3 0.464844 0.607031 0.179688 0.070312
3 0.635156 0.408594 0.120313 0.148438
3 0.571875 0.173437 0.159375 0.100000
3 0.578906 0.256250 0.079687 0.128125
3 0.741406 0.364063 0.182812 0.093750
3 0.883594 0.303906 0.151562 0.139063
3 0.929688 0.553125 0.093750 0.221875
3 0.718750 0.816406 0.115625 0.195312
3 0.457813 0.790625 0.146875 0.103125
3 0.621094 0.900000 0.110937 0.196875
3 0.067187 0.461719 0.134375 0.157812
3 0.092188 0.636719 0.103125 0.067187
3 0.165625 0.776563 0.150000 0.168750
3 0.271094 0.528906 0.107813 0.120313
3 0.269531 0.326562 0.129688 0.090625
3 0.186719 0.246094 0.089063 0.139063
3 0.085938 0.299219 0.156250 0.089063
3 0.696875 0.152344 0.084375 0.098437
3 0.685937 0.071094 0.084375 0.114062
3 0.797656 0.603906 0.107813 0.182812
3 0.665625 0.658594 0.165625 0.107813