3 0.354687 0.549219 0.112500 0.242188
3 0.261719 0.486719 0.092188 0.179688
3 0.165625 0.609375 0.087500 0.290625
3 0.232031 0.379688 0.126562 0.100000
3 0.396875 0.389844 0.143750 0.110937
3 0.363281 0.311719 0.157812 0.107813
3 0.209375 0.312500 0.115625 0.115625
3 0.191406 0.245312 0.126562 0.153125
3 0.089844 0.553125 0.120313 0.134375
3 0.226562 0.904687 0.115625 0.184375
3 0.201563 0.776563 0.125000 0.125000
3 0.248438 0.685156 0.112500 0.092188
3 0.356250 0.909375 0.125000 0.178125
3 0.385937 0.789062 0.118750 0.134375
3 0.456250 0.812500 0.084375 0.162500
3 0.536719 0.900000 0.120313 0.187500
3 0.569531 0.647656 0.082812 0.195312
3 0.539844 0.714844 0.114062 0.107813
3 0.627344 0.614062 0.107813 0.193750
3 0.592969 0.472656 0.151562 0.117188
3 0.519531 0.366406 0.067187 0.126562
3 0.407813 0.389844 0.146875 0.048438
3 0.388281 0.102344 0.070312 0.089063
3 0.774219 0.727344 0.104688 0.295312
3 0.877344 0.472656 0.173437 0.160938
3 0.914844 0.613281 0.114062 0.148438
3 0.902344 0.335156 0.129688 0.135937
3 0.711719 0.395313 0.095312 0.059375
3 0.631250 0.314844 0.193750 0.110937
3 0.651563 0.178906 0.106250 0.114062
3 0.461719 0.205469 0.101562 0.117188
3 0.341406 0.254688 0.120313 0.084375
3 0.435937 0.566406 0.084375 0.214062