0 0.084375 0.834375 0.068750 0.100000
0 0.158594 0.829688 0.057813 0.087500
1 0.955469 0.775781 0.089063 0.235937
0 0.209375 0.792969 0.037500 0.039062
0 0.248438 0.787500 0.040625 0.031250
0 0.308594 0.783594 0.048438 0.042188
0 0.060937 0.785937 0.053125 0.050000
1 0.832031 0.735938 0.142187 0.156250
0 0.279687 0.746094 0.040625 0.045312
0 0.350000 0.704688 0.068750 0.059375
0 0.271875 0.701562 0.040625 0.043750
0 0.134375 0.686719 0.062500 0.079687
0 0.048438 0.673438 0.040625 0.103125
0 0.285156 0.625781 0.048438 0.079687
1 0.810937 0.592187 0.146875 0.115625
0 0.373437 0.605469 0.071875 0.073438
0 0.196875 0.594531 0.068750 0.089063
0 0.062500 0.359375 0.062500 0.062500
0 0.307812 0.323437 0.040625 0.062500
0 0.208594 0.324219 0.026562 0.032813
0 0.270313 0.306250 0.031250 0.071875
0 0.346094 0.303906 0.060937 0.045312
0 0.728125 0.264062 0.240625 0.162500
0 0.355469 0.261719 0.067187 0.079687
0 0.147656 0.257031 0.032813 0.026562
0 0.303125 0.232031 0.068750 0.048438
0 0.200000 0.232813 0.040625 0.037500
0 0.154688 0.205469 0.031250 0.064062
0 0.377344 0.189062 0.067187 0.087500
0 0.276562 0.149219 0.065625 0.057813
0 0.150000 0.150000 0.034375 0.071875
0 0.051562 0.133594 0.031250 0.048438
0 0.766406 0.105469 0.235937 0.164062
0 0.222656 0.095312 0.051562 0.043750
0 0.078125 0.097656 0.037500 0.064062
0 0.045312 0.090625 0.031250 0.062500
0 0.286719 0.058594 0.057813 0.054688
1 0.890625 0.867188 0.121875 0.240625
0 0.365625 0.850781 0.068750 0.079687