1 0.210938 0.779687 0.040625 0.037500
1 0.065625 0.930469 0.031250 0.060937
1 0.065625 0.884375 0.031250 0.050000
1 0.125000 0.865625 0.031250 0.068750
1 0.235937 0.920312 0.050000 0.040625
1 0.275000 0.705469 0.028125 0.070312
1 0.315625 0.680469 0.031250 0.060937
1 0.354687 0.699219 0.050000 0.039062
1 0.305469 0.949219 0.051562 0.060937
1 0.154688 0.759375 0.031250 0.021875
1 0.069531 0.660156 0.060937 0.060937
1 0.215625 0.685937 0.031250 0.031250
1 0.095312 0.919531 0.031250 0.060937
1 0.389062 0.819531 0.059375 0.082812
1 0.365625 0.750000 0.068750 0.081250
1 0.314844 0.775000 0.070312 0.050000
1 0.289844 0.860938 0.060937 0.059375
1 0.165625 0.810156 0.031250 0.060937
1 0.779687 0.885156 0.221875 0.151562
1 0.740625 0.730469 0.240625 0.160938
1 0.055469 0.235937 0.051562 0.050000
1 0.194531 0.419531 0.070312 0.082812
1 0.200000 0.220312 0.040625 0.040625
1 0.270313 0.264062 0.040625 0.050000
1 0.354687 0.154688 0.068750 0.068750
1 0.045312 0.339844 0.031250 0.101562
1 0.301563 0.229687 0.040625 0.037500
1 0.345313 0.300781 0.068750 0.060937
1 0.279687 0.384375 0.040625 0.068750
1 0.264062 0.310937 0.028125 0.040625
1 0.240625 0.225000 0.037500 0.031250
1 0.129688 0.330469 0.059375 0.082812
1 0.074219 0.180469 0.070312 0.101562
1 0.145313 0.185156 0.050000 0.092188
1 0.375000 0.404687 0.068750 0.068750