0 0.921875 0.826562 0.068750 0.100000
0 0.847656 0.823438 0.054688 0.087500
1 0.046875 0.782813 0.090625 0.231250
0 0.797656 0.788281 0.035937 0.035937
0 0.757031 0.782813 0.039062 0.028125
0 0.697656 0.779687 0.048438 0.043750
0 0.945312 0.777344 0.053125 0.051562
1 0.174219 0.742188 0.142187 0.156250
0 0.725000 0.742969 0.037500 0.042188
0 0.653906 0.701562 0.070312 0.059375
0 0.732812 0.698438 0.037500 0.040625
0 0.868750 0.680469 0.059375 0.079687
0 0.954688 0.665625 0.037500 0.100000
0 0.717969 0.621094 0.045312 0.079687
1 0.191406 0.597656 0.145313 0.114062
0 0.628906 0.603125 0.070312 0.075000
0 0.805469 0.588281 0.067187 0.089063
0 0.934375 0.353125 0.062500 0.062500
0 0.689063 0.319531 0.040625 0.060937
0 0.788281 0.318750 0.026562 0.031250
0 0.726562 0.303125 0.031250 0.068750
0 0.650781 0.300781 0.057813 0.045312
0 0.267188 0.267969 0.240625 0.160938
0 0.639062 0.258594 0.065625 0.079687
0 0.848437 0.249219 0.031250 0.026562
0 0.693750 0.228906 0.068750 0.048438
0 0.795312 0.228906 0.037500 0.035937
0 0.842187 0.200000 0.031250 0.062500
0 0.618750 0.185938 0.065625 0.087500
0 0.717187 0.144531 0.065625 0.057813
0 0.843750 0.145313 0.031250 0.068750
0 0.942187 0.127344 0.034375 0.045312
0 0.228906 0.111719 0.232813 0.160938
0 0.771094 0.089844 0.048438 0.042188
0 0.914844 0.089063 0.039062 0.062500
0 0.946875 0.082031 0.031250 0.060937
0 0.707031 0.055469 0.057813 0.054688
1 0.117969 0.873437 0.120313 0.240625
0 0.642969 0.850781 0.067187 0.079687