0 0.090625 0.159375 0.071875 0.103125
0 0.163281 0.164844 0.057813 0.089063
1 0.957812 0.233594 0.084375 0.235937
0 0.212500 0.201563 0.037500 0.037500
0 0.253125 0.209375 0.040625 0.031250
0 0.313281 0.212500 0.048438 0.043750
0 0.067187 0.207031 0.053125 0.051562
1 0.837500 0.270313 0.146875 0.159375
0 0.284375 0.250781 0.040625 0.045312
0 0.353125 0.293750 0.068750 0.062500
0 0.275000 0.292969 0.040625 0.042188
0 0.137500 0.306250 0.062500 0.081250
0 0.050781 0.318750 0.042188 0.103125
0 0.288281 0.371094 0.048438 0.079687
1 0.813281 0.413281 0.151562 0.117188
0 0.376563 0.392188 0.071875 0.075000
0 0.198437 0.402344 0.068750 0.089063
0 0.060937 0.632031 0.062500 0.064062
0 0.305469 0.673438 0.042188 0.062500
0 0.205469 0.670312 0.026562 0.034375
0 0.267188 0.690625 0.031250 0.071875
0 0.342187 0.694531 0.059375 0.048438
0 0.725000 0.740625 0.243750 0.168750
0 0.350781 0.735938 0.070312 0.081250
0 0.142969 0.739844 0.032813 0.026562
0 0.298438 0.764062 0.068750 0.050000
0 0.195312 0.761719 0.040625 0.039062
0 0.150000 0.788281 0.031250 0.064062
0 0.371094 0.808594 0.067187 0.089063
0 0.271094 0.847656 0.067187 0.057813
0 0.144531 0.842187 0.032813 0.071875
0 0.044531 0.858594 0.032813 0.048438
0 0.758594 0.899219 0.239063 0.167187
0 0.214844 0.900000 0.051562 0.043750
0 0.071094 0.896875 0.039062 0.065625
0 0.039062 0.903125 0.031250 0.062500
0 0.277344 0.938281 0.057813 0.057813
1 0.896875 0.139844 0.125000 0.245312
0 0.370312 0.147656 0.068750 0.079687