6 0.135937 0.415625 0.131250 0.225000
6 0.182812 0.464062 0.071875 0.206250
6 0.639062 0.345313 0.081250 0.243750
6 0.792188 0.495312 0.156250 0.162500
6 0.827344 0.620313 0.110937 0.134375
6 0.747656 0.623437 0.110937 0.112500
6 0.688281 0.549219 0.067187 0.126562
6 0.282813 0.366406 0.075000 0.045312
6 0.383594 0.364063 0.070312 0.068750
6 0.396875 0.434375 0.028125 0.084375
6 0.350000 0.476562 0.075000 0.053125
6 0.308594 0.642969 0.057813 0.139063
6 0.248438 0.580469 0.112500 0.264062
6 0.363281 0.572656 0.092188 0.120313
6 0.491406 0.435937 0.142187 0.112500
6 0.575000 0.478906 0.071875 0.129688