6 0.135156 0.414844 0.129688 0.229687
6 0.185156 0.464844 0.070312 0.210938
6 0.639062 0.345313 0.081250 0.250000
6 0.789844 0.496094 0.160938 0.170313
6 0.824219 0.621094 0.110937 0.139063
6 0.746094 0.625781 0.110937 0.110937
6 0.685156 0.544531 0.070312 0.129688
6 0.285156 0.365625 0.070312 0.050000
6 0.384375 0.365625 0.068750 0.068750
6 0.395313 0.435156 0.028125 0.092188
6 0.350000 0.475000 0.081250 0.050000
6 0.310156 0.639844 0.060937 0.139063
6 0.250781 0.581250 0.120313 0.259375
6 0.366406 0.569531 0.089063 0.120313
6 0.491406 0.435156 0.139063 0.110937
6 0.574219 0.475781 0.070312 0.129688