1 0.074219 0.439844 0.120313 0.182812
1 0.604688 0.640625 0.118750 0.190625
1 0.926562 0.657813 0.115625 0.165625
1 0.841406 0.608594 0.067187 0.120313
1 0.357812 0.307812 0.096875 0.100000
1 0.075781 0.617188 0.079687 0.156250
1 0.139063 0.830469 0.093750 0.132812
1 0.199219 0.653125 0.067187 0.156250
1 0.221094 0.408594 0.098437 0.170313
1 0.308594 0.107813 0.170313 0.165625
1 0.520312 0.052344 0.200000 0.098437
1 0.853125 0.131250 0.156250 0.118750
1 0.892969 0.364063 0.179688 0.300000
1 0.607031 0.336719 0.176563 0.217188
1 0.689844 0.382031 0.085938 0.173437
1 0.846094 0.892188 0.107813 0.212500
1 0.623437 0.830469 0.184375 0.182812
1 0.308594 0.876563 0.185938 0.243750
1 0.353125 0.725781 0.115625 0.129688
1 0.385156 0.591406 0.110937 0.104688
1 0.517969 0.589063 0.107813 0.106250
1 0.442188 0.800781 0.090625 0.273438