1 0.400781 0.350781 0.120313 0.120313
1 0.125781 0.380469 0.129688 0.120313
1 0.366406 0.514062 0.129688 0.212500
1 0.104688 0.729688 0.090625 0.181250
1 0.074219 0.580469 0.129688 0.139063
1 0.221094 0.745313 0.120313 0.190625
1 0.371094 0.705469 0.139063 0.170313
1 0.414844 0.870313 0.148438 0.221875
1 0.884375 0.449219 0.090625 0.179688
1 0.914844 0.229687 0.070312 0.181250
1 0.775781 0.240625 0.129688 0.081250
1 0.785156 0.111719 0.092188 0.139063
1 0.650781 0.245312 0.160938 0.309375
1 0.105469 0.189844 0.110937 0.139063
1 0.180469 0.104688 0.101562 0.190625
1 0.240625 0.185156 0.100000 0.110937