1 0.214844 0.685156 0.051562 0.070312
1 0.150000 0.660156 0.081250 0.060937
1 0.545312 0.475000 0.031250 0.050000
1 0.500000 0.810156 0.059375 0.060937
1 0.450000 0.839844 0.021875 0.060937
1 0.574219 0.865625 0.051562 0.090625
1 0.400000 0.794531 0.059375 0.070312
1 0.794531 0.770312 0.070312 0.059375
1 0.814844 0.625000 0.070312 0.068750
1 0.350000 0.720313 0.059375 0.081250
1 0.634375 0.800781 0.050000 0.101562
1 0.710156 0.770312 0.060937 0.100000
1 0.384375 0.500000 0.028125 0.081250
1 0.431250 0.490625 0.040625 0.059375
1 0.475000 0.504687 0.028125 0.050000
1 0.520312 0.525000 0.037500 0.050000
1 0.470313 0.675781 0.040625 0.092188
1 0.520312 0.725000 0.059375 0.050000
1 0.574219 0.564844 0.070312 0.051562