1 0.544531 0.839844 0.110937 0.060937
1 0.194531 0.685156 0.170313 0.151562
1 0.655469 0.889062 0.110937 0.081250
1 0.365625 0.794531 0.050000 0.051562
1 0.431250 0.830469 0.040625 0.082812
1 0.205469 0.854688 0.070312 0.090625
1 0.290625 0.759375 0.040625 0.081250
1 0.214844 0.770312 0.070312 0.100000
1 0.259375 0.855469 0.059375 0.110937
1 0.271094 0.596094 0.120313 0.129688
1 0.240625 0.439844 0.100000 0.082812
1 0.305469 0.319531 0.070312 0.139063
1 0.210156 0.305469 0.101562 0.110937
1 0.375000 0.535156 0.068750 0.070312
1 0.485938 0.569531 0.068750 0.082812
1 0.400000 0.630469 0.059375 0.120313
1 0.509375 0.389062 0.059375 0.081250
1 0.450000 0.400000 0.040625 0.059375
1 0.444531 0.335156 0.089063 0.110937
1 0.610938 0.435156 0.059375 0.170313
1 0.685156 0.389844 0.070312 0.139063
1 0.755469 0.410156 0.110937 0.082812
1 0.814844 0.635156 0.092188 0.129688
1 0.629687 0.736719 0.100000 0.110937
1 0.660156 0.569531 0.101562 0.101562
1 0.764062 0.525000 0.068750 0.150000