1 0.323437 0.926562 0.281250 0.118750
1 0.625000 0.821094 0.134375 0.142187
1 0.392188 0.493750 0.115625 0.200000
1 0.826562 0.347656 0.209375 0.107813
1 0.685937 0.460156 0.118750 0.185938
1 0.635938 0.375781 0.112500 0.110937
1 0.735938 0.272656 0.143750 0.073438
1 0.229687 0.310937 0.131250 0.103125
1 0.329688 0.389062 0.159375 0.259375
1 0.548438 0.457031 0.143750 0.226562
1 0.535937 0.589844 0.168750 0.123438
1 0.382031 0.752344 0.270313 0.210938
1 0.907813 0.689063 0.181250 0.256250
1 0.777344 0.848437 0.254688 0.259375