1 0.319531 0.930469 0.279687 0.120313
1 0.625781 0.819531 0.129688 0.139063
1 0.396094 0.490625 0.110937 0.200000
1 0.824219 0.346094 0.210938 0.110937
1 0.689844 0.460156 0.120313 0.179688
1 0.635156 0.375781 0.110937 0.110937
1 0.736719 0.275000 0.151562 0.068750
1 0.230469 0.310156 0.139063 0.101562
1 0.330469 0.389062 0.157812 0.259375
1 0.550781 0.455469 0.139063 0.229687
1 0.535156 0.589844 0.170313 0.120313
1 0.384375 0.754687 0.271875 0.212500
1 0.904687 0.690625 0.168750 0.259375
1 0.775000 0.850000 0.250000 0.259375