0 0.216406 0.666406 0.157812 0.107813
0 0.718750 0.751563 0.156250 0.134375
0 0.150000 0.571094 0.228125 0.154688
0 0.339844 0.589844 0.135937 0.135937
0 0.639062 0.651563 0.215625 0.290625
0 0.444531 0.533594 0.195312 0.254688
0 0.310937 0.495312 0.159375 0.209375
0 0.604688 0.535156 0.159375 0.220312
0 0.488281 0.405469 0.192188 0.160938
0 0.150000 0.221094 0.240625 0.292187
0 0.678125 0.285938 0.312500 0.275000
0 0.459375 0.160156 0.165625 0.173437
0 0.318750 0.128906 0.312500 0.254688
0 0.778125 0.132031 0.303125 0.182812