2 0.365625 0.199219 0.290625 0.160938
2 0.754687 0.279687 0.290625 0.181250
2 0.835938 0.139063 0.250000 0.181250
2 0.900781 0.504687 0.160938 0.450000
2 0.725000 0.646094 0.168750 0.410938
2 0.544531 0.514062 0.189062 0.431250
2 0.154688 0.120313 0.290625 0.200000
2 0.111719 0.400781 0.120313 0.360938
2 0.080469 0.754687 0.101562 0.331250
2 0.180469 0.771094 0.139063 0.360938
2 0.389062 0.680469 0.200000 0.560937
2 0.625000 0.925781 0.250000 0.129688
2 0.414844 0.419531 0.089063 0.279687
2 0.314844 0.365625 0.092188 0.150000
2 0.581250 0.145313 0.259375 0.268750
2 0.865625 0.854688 0.231250 0.190625
2 0.824219 0.755469 0.092188 0.110937