0 0.517969 0.107813 0.198437 0.196875
0 0.518750 0.821875 0.084375 0.206250
0 0.109375 0.780469 0.209375 0.267188
0 0.146875 0.537500 0.150000 0.253125
0 0.303906 0.194531 0.170313 0.254688
0 0.788281 0.253125 0.329688 0.240625
0 0.707812 0.150000 0.103125 0.093750
0 0.871094 0.792969 0.173437 0.129688
0 0.678906 0.725000 0.189062 0.200000
0 0.519531 0.587500 0.092188 0.246875
0 0.327344 0.566406 0.120313 0.276562
0 0.246094 0.316406 0.151562 0.276562
0 0.410156 0.375000 0.320312 0.231250
0 0.704688 0.548438 0.268750 0.231250