0 0.520312 0.110937 0.200000 0.200000
0 0.520312 0.824219 0.081250 0.210938
0 0.110937 0.779687 0.200000 0.259375
0 0.146094 0.535937 0.151562 0.250000
0 0.305469 0.195312 0.167187 0.250000
0 0.785156 0.250000 0.329688 0.240625
0 0.710156 0.150000 0.101562 0.100000
0 0.870313 0.794531 0.181250 0.129688
0 0.685156 0.729688 0.189062 0.200000
0 0.514062 0.585938 0.090625 0.250000
0 0.330469 0.565625 0.120313 0.271875
0 0.246094 0.315625 0.151562 0.271875
0 0.410156 0.375000 0.320312 0.231250
0 0.706250 0.544531 0.271875 0.229687