2 0.689844 0.228125 0.317188 0.209375
2 0.289062 0.239063 0.312500 0.218750
2 0.707031 0.396875 0.114062 0.162500
2 0.904687 0.465625 0.181250 0.375000
2 0.600781 0.433594 0.135937 0.298438
2 0.111719 0.436719 0.223438 0.473438
2 0.455469 0.505469 0.110937 0.423438
2 0.254688 0.603906 0.231250 0.432812
2 0.580469 0.696875 0.301563 0.596875
2 0.138281 0.694531 0.104688 0.120313
2 0.868750 0.823438 0.150000 0.346875
2 0.770312 0.819531 0.153125 0.357812
2 0.102344 0.795312 0.204687 0.187500
2 0.305469 0.896875 0.270313 0.175000
2 0.871094 0.188281 0.254688 0.254688
2 0.232031 0.097656 0.285938 0.195312
2 0.487500 0.144531 0.303125 0.289062