2 0.613281 0.812500 0.304688 0.184375
2 0.228125 0.696875 0.300000 0.193750
2 0.673438 0.652344 0.100000 0.157812
2 0.882031 0.638281 0.151562 0.370312
2 0.579688 0.589844 0.112500 0.292187
2 0.100781 0.459375 0.198437 0.462500
2 0.459375 0.482812 0.075000 0.425000
2 0.289844 0.336719 0.195312 0.423438
2 0.628906 0.332813 0.251563 0.584375
2 0.200781 0.220312 0.098437 0.115625
2 0.939844 0.284375 0.120313 0.343750
2 0.845313 0.254688 0.121875 0.365625
2 0.167969 0.106250 0.242188 0.165625
2 0.414062 0.071875 0.262500 0.143750
2 0.814063 0.897656 0.315625 0.204687
2 0.134375 0.832031 0.268750 0.198437
2 0.392188 0.850781 0.281250 0.289062