0 0.145313 0.767969 0.093750 0.142187
0 0.389844 0.775000 0.098437 0.075000
0 0.681250 0.819531 0.093750 0.098437
0 0.252344 0.725781 0.089063 0.126562
0 0.104688 0.672656 0.093750 0.173437
0 0.743750 0.694531 0.068750 0.070312
0 0.093750 0.533594 0.084375 0.129688
0 0.774219 0.623437 0.098437 0.134375
0 0.548438 0.567187 0.146875 0.134375
0 0.484375 0.509375 0.100000 0.112500
0 0.417969 0.450781 0.139063 0.132812
0 0.792969 0.432031 0.089063 0.107813
0 0.563281 0.364063 0.079687 0.081250
0 0.508594 0.339062 0.085938 0.137500
0 0.267969 0.238281 0.107813 0.173437
0 0.545312 0.277344 0.125000 0.142187
0 0.475781 0.924219 0.085938 0.089063
0 0.335938 0.136719 0.209375 0.160938
0 0.918750 0.163281 0.146875 0.192188
0 0.268750 0.064062 0.125000 0.128125
0 0.676562 0.108594 0.115625 0.120313
0 0.214062 0.860938 0.084375 0.115625
0 0.413281 0.868750 0.057813 0.075000