0 0.271875 0.119531 0.093750 0.142187
0 0.502344 0.201563 0.098437 0.075000
0 0.789062 0.272656 0.093750 0.098437
0 0.355469 0.196875 0.092188 0.128125
0 0.196875 0.192969 0.093750 0.173437
0 0.800781 0.410156 0.070312 0.070312
0 0.135937 0.317969 0.081250 0.129688
0 0.800781 0.489063 0.098437 0.134375
0 0.570312 0.457813 0.146875 0.134375
0 0.489063 0.485938 0.100000 0.115625
0 0.405469 0.514062 0.139063 0.131250
0 0.746094 0.674219 0.089063 0.107813
0 0.507031 0.649219 0.079687 0.082812
0 0.449219 0.652344 0.089063 0.135937
0 0.188281 0.655469 0.107813 0.173437
0 0.457813 0.724219 0.121875 0.142187
0 0.635938 0.100781 0.087500 0.089063
0 0.212500 0.775781 0.209375 0.160938
0 0.761719 0.935937 0.148438 0.125000
0 0.107813 0.846094 0.121875 0.185938
0 0.517188 0.930469 0.115625 0.120313
0 0.370312 0.059375 0.084375 0.115625
0 0.556250 0.123438 0.059375 0.075000