0 0.175000 0.341406 0.146875 0.164062
0 0.585156 0.459375 0.151562 0.143750
0 0.857812 0.571094 0.181250 0.189062
0 0.282813 0.454688 0.159375 0.150000
0 0.582812 0.555469 0.068750 0.092188
0 0.803906 0.649219 0.120313 0.139063
0 0.192969 0.527344 0.129688 0.126562
0 0.450781 0.592187 0.085938 0.125000
0 0.713281 0.664062 0.120313 0.178125
0 0.296875 0.574219 0.090625 0.148438
0 0.476562 0.628906 0.115625 0.123438
0 0.517188 0.720313 0.093750 0.106250
0 0.306250 0.671875 0.084375 0.131250
0 0.257031 0.663281 0.082812 0.110937