1 0.847656 0.911719 0.117188 0.173437
1 0.598437 0.920312 0.096875 0.103125
1 0.502344 0.727344 0.101562 0.123438
1 0.557813 0.080469 0.071875 0.073438
1 0.483594 0.123438 0.048438 0.065625
1 0.536719 0.246094 0.067187 0.067187
1 0.444531 0.207813 0.089063 0.059375
1 0.739062 0.221094 0.075000 0.085938
1 0.560937 0.444531 0.128125 0.110937
1 0.775000 0.625000 0.068750 0.096875
1 0.792969 0.430469 0.076563 0.120313
1 0.777344 0.354687 0.054688 0.059375
1 0.107031 0.389844 0.060937 0.120313
1 0.270313 0.825781 0.187500 0.126562
1 0.184375 0.913281 0.093750 0.167187
1 0.224219 0.714063 0.076563 0.159375
1 0.478125 0.660156 0.062500 0.126562
1 0.411719 0.533594 0.120313 0.110937
1 0.487500 0.488281 0.084375 0.101562
1 0.288281 0.092188 0.067187 0.103125
1 0.300781 0.231250 0.067187 0.115625
1 0.203125 0.171094 0.068750 0.129688
1 0.142969 0.256250 0.060937 0.165625