1 0.650000 0.710156 0.059375 0.120313
1 0.855469 0.419531 0.110937 0.139063
1 0.725781 0.510156 0.129688 0.120313
1 0.435156 0.714844 0.070312 0.092188
1 0.495312 0.629687 0.090625 0.100000
1 0.529687 0.605469 0.059375 0.110937
1 0.410156 0.539844 0.060937 0.082812
1 0.430469 0.439844 0.120313 0.120313
1 0.260156 0.610938 0.079687 0.159375
1 0.175781 0.580469 0.092188 0.120313
1 0.135156 0.491406 0.151562 0.120313
1 0.699219 0.714844 0.060937 0.092188
1 0.680469 0.621094 0.060937 0.139063
1 0.794531 0.600000 0.110937 0.100000